1 24 1 1 8 10 0 0 0 0 0 0 0 0 0 0
1 33 1 1 8 4 0 0 0 0 0 0 0 0 0 0
1 34 1 1 8 4 0 0 0 0 0 0 0 0 0 0
1 35 1 1 8 4 0 35 4 0 0 0 0 0 0 0
1 26 1 1 3 15 0 0 0 0 0 0 0 0 0 1
1 31 1 1 8 8 0 0 0 0 0 0 0 0 0 1
1 23 2 1 8 1 0 0 0 0 0 0 0 0 0 0
0 17 1 1 13 3 0 0 0 0 0 0 0 0 0 2
0 18 1 1 14 3 0 16 6 0 0 0 0 0 0 2
0 19 1 1 15 4 0 0 0 0 0 0 0 0 0 2
0 1 1 1 8 15 0 0 0 0 0 0 0 0 0 1
0 2 1 1 8 15 0 0 0 0 0 0 0 0 0 1
0 3 1 1 8 15 0 0 0 0 0 0 0 0 0 1
0 20 1 1 8 15 0 0 0 0 0 0 0 0 0 1
0 4 1 1 8 5 1 3 10 0 0 0 0 0 0 1
0 5 1 1 8 5 1 3 10 0 0 0 0 0 0 1
0 6 1 1 8 5 1 3 10 0 0 0 0 0 0 1
0 21 1 1 8 5 1 3 10 0 0 0 0 0 0 1
0 7 1 1 8 5 0 17 10 0 0 0 0 0 0 1
0 8 1 1 8 5 0 17 10 0 0 0 0 0 0 1
0 9 1 1 8 5 0 17 10 0 0 0 0 0 0 1
0 22 1 1 8 5 0 17 10 0 0 0 0 0 0 1
0 26 1 1 8 5 0 17 10 0 0 0 0 0 0 1
0 10 1 1 8 5 0 18 10 0 0 0 0 0 0 1
0 11 1 1 8 5 0 18 10 0 0 0 0 0 0 1
0 12 1 1 8 5 0 18 10 0 0 0 0 0 0 1
0 23 1 1 8 5 0 18 10 0 0 0 0 0 0 1
0 27 1 1 8 5 0 18 10 0 0 0 0 0 0 1
0 13 1 1 8 5 0 19 10 0 25 6 0 0 0 1
0 14 1 1 8 5 0 19 10 0 25 6 0 0 0 1
0 15 1 1 8 5 0 19 10 0 25 6 0 0 0 1
0 24 1 1 8 5 0 19 10 0 25 6 0 0 0 1
0 28 1 1 8 5 0 19 10 0 25 6 0 0 0 1
0 30 1 1 8 5 0 29 20 0 0 0 0 0 0 1
1 19 1 1 10 4 0 0 0 0 0 0 0 0 0 2
1 9 1 1 3 4 0 0 0 0 0 0 0 0 0 1
1 25 1 1 5 4 0 0 0 0 0 0 0 0 0 2
1 7 1 1 5 4 0 0 0 0 0 0 0 0 0 1
1 16 1 0 17 10 0 0 0 0 0 0 0 0 0 1
1 17 1 0 18 10 0 0 0 0 0 0 0 0 0 1
1 18 1 0 19 10 0 0 0 0 0 0 0 0 0 1
1 22 1 0 25 4 0 0 0 0 0 0 0 0 0 1
1 30 1 0 29 4 0 0 0 0 0 0 0 0 0 1
1 46 4 1 1 1 0 0 0 0 0 0 0 0 0 1
1 47 4 1 3 1 0 0 0 0 0 0 0 0 0 1
1 57 4 1 9 1 0 0 0 0 0 0 0 0 0 1
1 48 4 1 8 1 0 0 0 0 0 0 0 0 0 1
1 61 2 1 48 1 1 57 1 0 0 0 0 0 0 1
1 49 4 1 7 1 0 0 0 0 0 0 0 0 0 1
1 59 4 1 7 1 0 25 1 0 0 0 0 0 0 1
1 50 4 1 19 1 0 0 0 0 0 0 0 0 0 1
1 51 4 1 25 1 0 0 0 0 0 0 0 0 0 1
1 52 4 1 16 1 0 0 0 0 0 0 0 0 0 1
1 53 4 1 17 1 0 0 0 0 0 0 0 0 0 1
1 54 4 1 18 1 0 0 0 0 0 0 0 0 0 1
1 55 4 1 20 1 0 0 0 0 0 0 0 0 0 1
1 56 4 1 5 1 0 0 0 0 0 0 0 0 0 1
1 58 4 1 22 1 0 0 0 0 0 0 0 0 0 1
1 60 4 1 30 1 0 0 0 0 0 0 0 0 0 1
0 35 1 0 34 4 0 0 0 0 0 0 0 0 0 0
0 32 1 1 32 1 0 16 6 0 0 0 0 0 0 0