2 0 8288 20 0.0333333 120 160 100 600 31 31 7
1 0 8288 10 0.1 120 160 50 300 38 38 6
2 0 8288 20 0.0333333 120 160 100 600 31 31 7
1 0 8288 10 0.1 120 160 50 300 38 38 6
2 0 8288 20 0.0333333 120 160 100 600 31 31 7
1 0 8288 10 0.1 120 160 50 300 38 38 6
2 0 8288 20 0.0333333 120 160 100 600 31 31 7
1 0 8288 10 0.1 120 160 50 300 38 38 6
2 0 8288 20 0.0333333 120 160 100 600 31 31 7
1 0 8288 10 0.1 120 160 50 300 38 38 6
2 0 8288 20 0.0333333 120 160 100 600 31 31 7
1 0 8288 10 0.1 120 160 50 300 38 38 6
2 0 8288 20 0.0333333 120 160 100 600 31 31 7
1 0 8288 10 0.1 120 160 50 300 38 38 6
2 0 8288 20 0.0333333 120 160 100 600 31 31 7
1 0 8288 10 0.1 120 160 50 300 38 38 6
2 0 8288 20 0.0333333 120 160 100 600 31 31 7
1 0 8288 10 0.1 120 160 50 300 38 38 6
2 0 8288 20 0.0333333 120 160 100 600 31 31 7
1 0 8288 10 0.1 120 160 50 300 38 38 6
2 0 8288 20 0.0333333 120 160 100 600 31 31 7
1 0 8288 10 0.1 120 160 50 300 38 38 6
2 0 8288 20 0.0333333 120 160 100 600 31 31 7
1 0 8288 10 0.1 120 160 50 300 38 38 6
