0 0 8320 0 3.63098e+023 0 0 0 0 0 5.60519e-045 0 0.378664
0 0 8320 0 3.63098e+023 0 0 0 0 0 5.60519e-045 0 6.23952
0 0 8320 0 3.63098e+023 0 0 0 0 0 5.60519e-045 0 3.4018
0 0 8320 0 3.63098e+023 0 0 0 0 0 5.60519e-045 0 1.42145
0 0 8320 0 3.63098e+023 0 0 0 0 0 5.60519e-045 0 3.24791
0 0 8320 0 3.63098e+023 0 0 0 0 0 5.60519e-045 0 0.873095
0 0 8320 0 3.63098e+023 0 0 0 0 0 5.60519e-045 0 0.137934
0 0 8320 0 3.63098e+023 0 0 0 0 0 5.60519e-045 0 11.4008
0 0 8320 0 3.63098e+023 0 0 0 0 0 5.60519e-045 0 4.40811
0 0 8320 0 3.63098e+023 0 0 0 0 0 5.60519e-045 0 2.2239
0 0 8320 0 3.63098e+023 0 0 0 0 0 5.60519e-045 0 0.874453
0 0 8320 0 3.63098e+023 0 0 0 0 0 5.60519e-045 0 3.3918
0 0 8320 0 3.63098e+023 0 0 0 0 0 5.60519e-045 0 2.22818
0 0 8320 0 3.63098e+023 0 0 0 0 0 5.60519e-045 0 1.40179
0 0 8320 0 3.63098e+023 0 0 0 0 0 5.60519e-045 0 5.39877
0 0 8320 0 3.63098e+023 0 0 0 0 0 5.60519e-045 0 5.24137
0 0 8320 0 3.63098e+023 0 0 0 0 0 5.60519e-045 0 5.86679
0 0 8320 0 3.63098e+023 0 0 0 0 0 5.60519e-045 0 8.13142
0 0 8320 0 3.63098e+023 0 0 0 0 0 5.60519e-045 0 9.90271
0 0 8320 0 3.63098e+023 0 0 0 0 0 5.60519e-045 0 6.38552
0 0 8320 0 3.63098e+023 0 0 0 0 0 5.60519e-045 0 5.23272
0 0 8320 0 3.63098e+023 0 0 0 0 0 5.60519e-045 0 7.40702
0 0 8320 0 3.63098e+023 0 0 0 0 0 5.60519e-045 0 0.418654
0 0 8320 0 3.63098e+023 0 0 0 0 0 5.60519e-045 0 0.238963
0 0 8320 0 3.63098e+023 0 0 0 0 0 5.60519e-045 0 0.874453
0 0 8320 0 3.63098e+023 0 0 0 0 0 5.60519e-045 0 7.12452
0 0 8320 0 3.63098e+023 0 0 0 0 0 5.60519e-045 0 2.40933
0 0 8320 0 3.63098e+023 0 0 0 0 0 5.60519e-045 0 6.39932
0 0 8320 0 3.63098e+023 0 0 0 0 0 5.60519e-045 0 0.215874
0 0 8320 0 3.63098e+023 0 0 0 0 0 5.60519e-045 0 9.86683
0 0 8320 0 3.63098e+023 0 0 0 0 0 5.60519e-045 0 3.3946
0 0 8320 0 3.63098e+023 0 0 0 0 0 5.60519e-045 0 4.24529
0 0 8320 0 3.63098e+023 0 0 0 0 0 5.60519e-045 0 6.39322
0 0 8320 0 3.63098e+023 0 0 0 0 0 5.60519e-045 0 1.40518
0 0 8320 0 3.63098e+023 0 0 0 0 0 5.60519e-045 0 0.237513
0 0 8320 0 3.63098e+023 0 0 0 0 0 5.60519e-045 0 8.86613
0 0 8320 0 3.63098e+023 0 0 0 0 0 5.60519e-045 0 0.119204
0 0 8320 0 3.63098e+023 0 0 0 0 0 5.60519e-045 0 4.90602
0 0 8213 0 3.63098e+023 0 0 0 0 0 5.60519e-045 0 6.87493
0 0 8320 0 3.63098e+023 0 0 0 0 0 5.60519e-045 0 3.39322
0 0 8320 0 3.63098e+023 0 0 0 0 0 5.60519e-045 0 3.2246
0 0 8320 0 3.63098e+023 0 0 0 0 0 5.60519e-045 0 2.3873
0 0 8320 0 3.63098e+023 0 0 0 0 0 5.60519e-045 0 5.42079
0 0 8320 0 3.63098e+023 0 0 0 0 0 5.60519e-045 0 8.23701
0 0 8320 0 3.63098e+023 0 0 0 0 0 5.60519e-045 0 1.87445
0 0 8320 0 3.63098e+023 0 0 0 0 0 5.60519e-045 0 2.12743
0 0 8320 0 3.63098e+023 0 0 0 0 0 5.60519e-045 0 6.39322
0 0 8320 0 3.63098e+023 0 0 0 0 0 5.60519e-045 0 1.39937
0 0 8320 0 3.63098e+023 0 0 0 0 0 5.60519e-045 0 6.2276
0 0 8320 0 3.63098e+023 0 0 0 0 0 5.60519e-045 0 1.87077
0 0 8320 0 3.63098e+023 0 0 0 0 0 5.60519e-045 0 2.38312
0 0 8320 0 3.63098e+023 0 0 0 0 0 5.60519e-045 0 3.2315
0 0 8320 0 3.63098e+023 0 0 0 0 0 5.60519e-045 0 1.40179
0 0 8320 0 3.63098e+023 0 0 0 0 0 5.60519e-045 0 1.4001
0 0 8320 0 3.63098e+023 0 0 0 0 0 5.60519e-045 0 5.2479
0 0 8320 0 3.63098e+023 0 0 0 0 0 5.60519e-045 0 8.87313
0 0 8320 0 3.63098e+023 0 0 0 0 0 5.60519e-045 0 5.13017
0 0 8320 0 3.63098e+023 0 0 0 0 0 5.60519e-045 0 6.90722
0 0 8320 0 3.63098e+023 0 0 0 0 0 5.60519e-045 0 0.394863
0 0 8320 0 3.63098e+023 0 0 0 0 0 5.60519e-045 0 4.22567
0 0 8320 0 3.63098e+023 0 0 0 0 0 5.60519e-045 0 0.395874
0 0 8320 0 3.63098e+023 0 0 0 0 0 5.60519e-045 0 6.42078
0 0 8320 0 3.63098e+023 0 0 0 0 0 5.60519e-045 0 7.24776
0 0 8320 0 3.63098e+023 0 0 0 0 0 5.60519e-045 0 2.86737
0 0 8320 0 3.63098e+023 0 0 0 0 0 5.60519e-045 0 0.121444
0 0 8320 0 3.63098e+023 0 0 0 0 0 5.60519e-045 0 8.39373
0 0 8320 0 3.63098e+023 0 0 0 0 0 5.60519e-045 0 8.40179
0 0 8320 0 3.63098e+023 0 0 0 0 0 5.60519e-045 0 5.22505
0 0 8320 0 3.63098e+023 0 0 0 0 0 5.60519e-045 0 5.87445
0 0 8320 0 3.63098e+023 0 0 0 0 0 5.60519e-045 0 8.38788
0 0 8320 0 3.63098e+023 0 0 0 0 0 5.60519e-045 0 1.23385
0 0 8320 0 3.63098e+023 0 0 0 0 0 5.60519e-045 0 0.396574
0 0 8320 0 3.63098e+023 0 0 0 0 0 5.60519e-045 0 0.412694
0 0 8320 0 3.63098e+023 0 0 0 0 0 5.60519e-045 0 9.24954
0 0 8320 0 3.63098e+023 0 0 0 0 0 5.60519e-045 0 0.863585
0 0 8320 0 3.63098e+023 0 0 0 0 0 5.60519e-045 0 1.13533
0 0 8320 0 3.63098e+023 0 0 0 0 0 5.60519e-045 0 1.90602
0 0 8119 0 3.63098e+023 0 0 0 0 0 5.60519e-045 0 11.8679
0 0 7682 0 3.63098e+023 0 0 0 0 0 5.60519e-045 0 1.92806
0 0 7009 0 3.63098e+023 0 0 0 0 0 5.60519e-045 0 4.66339
0 0 6052 0 3.63098e+023 0 0 0 0 0 5.60519e-045 0 4.44741
0 0 5640 0 3.63098e+023 0 0 0 0 0 5.60519e-045 0 1.20028
0 0 5287 0 3.63098e+023 0 0 0 0 0 5.60519e-045 0 4.77699
0 0 4984 0 3.63098e+023 0 0 0 0 0 5.60519e-045 0 4.19348
0 0 3580 0 3.63098e+023 0 0 0 0 0 5.60519e-045 0 4.57491
0 0 2505 0 3.63098e+023 0 0 0 0 0 5.60519e-045 0 6.74287
0 0 1702 0 3.63098e+023 0 0 0 0 0 5.60519e-045 0 4.96978
0 0 1042 0 3.63098e+023 0 0 0 0 0 5.60519e-045 0 0.636634
0 0 391 0 3.63098e+023 0 0 0 0 0 5.60519e-045 0 1.29119
